10000
5 68
6 53
4 72
1 57
1 98
5 92
9 20
6 41
9 26
5 82
3 38
1 61
7 38
8 86
9 94
5 89
3 11
2 27
10 29
8 92
9 95
10 60
6 90
8 57
7 44
8 2
3 93
5 4
2 38
1 23
8 39
7 54
8 62
6 97
2 61
10 0
1 40
1 99
2 32
9 2
7 14
10 2
3 28
7 28
6 3
3 91
5 67
10 10
1 80
9 66
10 38
4 68
10 25
3 14
3 47
4 42
5 71
2 4
4 5
4 10
10 35
5 55
3 38
6 98
6 98
2 41
5 99
4 48
10 25
6 68
9 91
5 19
3 61
2 31
8 18
1 51
2 55
10 33
6 32
8 80
2 86
5 71
1 97
9 67
3 19
9 83
2 65
9 0
5 48
4 97
6 96
2 61
6 72
4 19
10 60
10 93
8 51
5 71
10 14
6 83
9 19
1 73
5 19
2 9
8 3
4 33
3 49
7 14
10 78
1 77
6 32
5 10
1 46
9 5
2 94
1 20
9 38
9 12
5 46
7 24
3 90
8 71
2 2
8 26
3 13
7 17
8 18
1 49
8 30
6 31
3 58
8 3
4 87
2 21
5 16
3 72
4 14
3 68
3 23
4 51
9 44
6 51
2 87
7 70
10 29
4 50
7 70
4 86
6 94
6 60
10 95
5 17
7 1
2 87
10 9
7 64
4 30
9 68
1 80
3 94
1 25
6 57
4 26
8 64
1 23
1 34
1 95
10 60
10 90
1 53
10 29
5 0
9 74
5 73
8 77
6 48
3 82
7 83
2 24
2 8
7 9
6 51
6 14
2 1
7 44
7 40
10 22
8 6
2 4
3 57
6 62
1 65
6 2
7 87
7 44
8 18
3 90
9 38
4 32
2 29
6 71
1 4
1 97
4 97
1 49
9 37
2 5
9 43
8 56
5 24
1 59
4 50
8 28
5 37
5 83
2 12
3 40
4 5
9 15
3 6
3 71
5 34
8 84
5 82
4 85
9 35
10 77
1 81
9 82
1 52
3 11
4 95
1 88
9 20
3 9
9 3
6 91
9 53
4 21
2 19
3 80
10 87
2 5
2 6
8 96
4 54
6 76
6 18
10 98
3 16
5 42
3 20
2 45
2 47
4 46
3 82
10 54
2 37
8 48
8 13
9 35
2 41
3 28
3 12
1 8
7 86
4 2
9 4
4 26
3 6
3 13
8 23
6 98
2 50
2 10
9 0
8 35
5 40
1 58
4 54
5 41
1 7
5 23
7 82
10 70
10 78
7 39
10 55
2 20
2 54
8 86
6 72
9 75
2 83
5 5
3 44
2 47
4 76
9 89
9 58
10 89
8 12
7 9
1 87
3 10
9 54
1 88
6 30
9 53
7 81
4 3
2 7
8 41
2 51
5 20
7 63
4 76
10 43
4 79
4 89
8 12
10 46
8 85
1 13
10 9
3 32
6 70
10 79
10 69
10 75
3 14
9 33
1 95
1 56
2 39
10 66
2 63
8 40
2 73
2 21
1 19
10 14
4 99
4 59
6 91
7 36
4 47
7 91
3 8
5 89
8 91
3 43
4 28
3 7
10 50
9 26
6 73
7 13
2 15
3 80
10 4
10 37
3 90
7 36
9 12
10 10
1 1
2 75
3 17
10 87
3 35
8 63
7 94
9 63
1 78
8 94
5 32
3 86
7 22
8 7
7 100
4 99
3 87
2 31
6 42
3 43
1 89
2 4
5 93
8 15
1 65
9 88
6 14
1 0
1 46
5 76
7 86
3 59
6 64
6 31
1 55
4 36
3 1
3 83
10 100
1 15
10 6
7 65
10 19
5 11
3 25
8 60
1 100
10 48
2 52
3 52
2 78
3 17
2 76
5 55
10 60
4 58
7 87
9 18
6 39
5 10
8 11
7 41
9 94
2 49
7 77
2 12
9 21
8 59
10 85
1 10
4 97
1 94
2 67
9 87
1 5
2 14
7 60
5 62
7 97
2 17
4 47
7 37
8 99
1 88
5 18
7 59
1 8
5 98
10 69
2 94
9 65
9 87
8 16
3 60
4 33
1 73
6 40
4 98
7 61
5 100
6 84
10 82
8 23
2 81
8 91
3 61
8 81
4 46
3 70
3 21
2 3
10 98
5 15
5 63
4 28
4 94
7 30
7 23
6 47
4 40
2 12
1 46
6 98
9 69
2 6
3 92
4 51
4 8
6 63
6 79
10 97
1 64
10 25
9 7
7 31
2 57
6 53
3 86
1 85
3 80
3 11
2 50
8 66
10 26
2 41
7 56
4 90
2 62
9 75
3 37
10 42
7 83
8 86
3 11
6 41
8 60
8 68
5 97
10 52
1 55
10 88
2 42
5 67
2 71
9 18
7 32
2 68
2 97
7 71
10 62
8 10
3 99
8 82
8 44
10 11
10 26
4 36
7 52
1 8
8 99
9 20
7 75
8 5
3 92
3 40
1 30
7 49
5 77
6 69
1 51
10 47
3 8
6 17
3 20
6 24
2 30
2 37
9 7
4 90
10 65
3 80
6 29
7 17
2 32
8 43
10 5
7 53
4 73
10 61
2 32
10 11
5 41
4 14
1 60
5 99
8 29
8 86
1 93
9 26
2 57
4 49
5 45
5 2
2 37
2 29
4 51
1 24
9 65
4 42
10 48
5 33
8 87
8 29
9 14
3 89
6 30
3 83
10 30
8 1
9 11
2 79
1 55
5 73
8 15
10 58
4 49
4 24
8 96
8 24
1 49
10 40
6 75
6 17
2 71
5 49
10 11
2 50
9 53
7 71
3 21
6 80
1 8
8 2
8 62
8 47
1 82
5 55
2 5
3 10
7 74
8 80
8 97
10 24
3 2
5 4
10 16
7 52
6 13
8 53
10 66
4 90
9 2
7 42
4 73
6 94
9 26
3 44
2 98
10 63
8 62
2 77
2 75
8 50
6 16
7 63
3 45
8 58
7 81
7 61
1 36
3 44
5 21
6 21
6 20
10 5
9 12
10 68
10 12
10 9
1 7
3 18
2 81
3 25
7 28
5 22
5 66
10 2
5 100
10 58
2 61
1 30
10 38
4 12
4 64
1 93
7 39
1 74
10 69
3 44
8 51
5 50
10 90
9 6
3 43
10 89
9 69
7 23
9 65
9 17
4 9
4 39
6 90
8 21
7 57
7 5
8 12
2 40
3 33
4 71
10 81
2 35
8 35
9 73
8 17
7 50
5 92
2 50
8 79
3 68
7 73
9 43
5 89
5 61
6 34
6 1
1 6
6 47
2 3
1 97
4 84
1 31
5 86
10 77
8 21
4 12
6 99
4 54
6 30
5 52
1 54
5 87
6 54
8 59
6 0
7 78
10 39
3 97
7 38
5 13
8 41
7 92
2 18
9 58
2 36
9 53
5 8
8 9
10 80
10 56
1 25
4 16
5 79
4 49
8 69
8 22
3 45
1 14
7 10
6 93
9 66
4 18
3 29
3 26
7 90
3 25
4 60
6 3
7 60
4 56
1 54
1 24
9 86
4 12
1 2
9 66
4 79
3 28
8 67
2 30
7 7
10 21
5 2
6 12
4 29
2 50
4 40
3 84
7 58
9 49
6 87
3 48
1 25
4 55
5 95
10 9
10 98
3 56
1 45
6 37
8 31
1 89
5 78
2 70
1 61
7 38
3 43
5 74
6 1
3 40
1 29
8 81
4 1
7 16
2 52
4 9
10 50
1 33
2 33
10 74
5 18
2 35
2 50
3 93
2 41
4 35
5 42
5 95
2 36
4 37
2 22
4 86
10 17
8 31
2 3
8 6
6 0
2 9
2 57
9 75
10 64
9 27
7 21
1 19
4 99
9 76
6 63
4 54
5 57
8 75
4 11
3 42
8 79
9 63
9 35
6 67
7 53
8 48
1 5
10 93
5 1
2 33
4 13
2 77
3 55
8 44
4 32
6 64
8 3
9 59
1 73
3 59
5 59
2 100
8 69
6 46
7 13
10 55
9 94
10 59
1 93
1 77
3 24
5 3
9 80
2 69
6 1
1 69
5 90
1 3
7 63
5 68
7 34
5 27
2 25
8 3
3 23
1 42
4 89
3 8
1 0
8 34
7 68
3 95
8 8
10 18
7 18
7 23
9 74
6 14
10 66
1 90
2 94
9 38
4 4
8 89
3 76
10 84
1 43
2 22
2 49
7 50
8 68
10 69
6 61
9 97
3 96
3 60
7 9
8 76
4 81
2 50
10 55
5 53
9 25
6 57
10 77
6 87
6 77
9 24
8 68
6 20
1 42
9 54
4 6
7 87
5 96
3 75
4 63
5 94
4 73
3 56
2 38
2 25
6 100
10 98
8 23
9 83
7 20
5 73
3 18
8 84
8 71
2 79
6 1
3 61
4 63
7 54
3 77
9 55
7 76
2 8
2 93
4 100
5 100
6 86
3 71
10 70
9 30
10 85
7 8
7 89
7 4
2 67
8 53
9 41
2 29
9 51
6 65
3 85
7 49
4 39
7 57
8 97
7 51
9 1
2 6
3 70
2 70
9 75
6 100
2 93
4 64
3 0
7 80
4 2
9 2
10 22
6 27
5 29
2 36
3 78
10 83
5 51
7 90
9 61
5 55
8 43
9 77
1 24
1 43
8 16
1 59
9 36
3 90
6 48
8 72
4 15
7 34
9 4
1 81
7 64
2 62
3 52
6 58
7 6
6 33
4 40
6 79
1 64
5 49
9 10
6 62
4 87
4 59
1 33
6 72
10 19
10 50
2 84
1 84
3 36
1 14
10 20
5 21
10 85
2 23
9 47
1 26
3 14
10 71
9 28
9 14
1 79
3 70
2 52
3 49
2 25
6 86
5 85
5 36
8 64
1 8
3 42
10 11
10 91
4 20
10 88
1 10
1 100
8 85
7 16
9 55
4 74
6 46
1 63
9 99
4 18
10 63
10 29
7 76
6 45
4 28
9 4
5 58
8 50
4 43
8 59
10 96
4 76
1 25
10 76
6 71
9 67
3 98
9 45
7 66
4 55
3 82
9 37
9 48
4 21
5 71
9 21
6 56
2 32
3 32
8 57
7 5
6 28
1 12
8 67
10 3
7 64
6 20
3 9
2 62
4 41
6 23
3 47
5 90
4 59
4 46
7 94
8 15
1 18
10 83
10 71
9 66
6 62
1 67
1 79
6 94
2 3
9 62
2 85
2 27
9 72
4 8
5 17
7 81
4 3
10 85
6 66
7 19
6 64
2 77
8 12
5 70
6 2
1 98
4 17
5 43
10 40
10 69
1 84
1 82
5 96
3 10
7 60
2 18
8 10
3 0
7 79
5 17
3 92
3 14
7 74
7 99
4 0
2 91
10 39
9 0
9 35
2 77
5 29
9 47
4 72
8 63
10 14
1 34
9 76
10 20
4 52
5 95
6 38
2 61
7 49
3 15
5 41
7 91
1 7
8 43
2 23
3 7
6 6
1 16
4 26
4 23
1 53
10 89
4 23
5 88
3 39
10 9
10 95
1 98
2 66
8 12
4 2
8 24
3 83
8 31
9 99
3 81
5 45
4 3
10 2
10 54
7 20
1 8
10 69
9 2
3 80
8 69
9 85
10 69
7 47
2 67
7 30
9 92
3 96
8 80
4 20
2 22
2 71
2 96
7 46
6 85
5 13
8 63
7 87
2 88
7 71
8 26
1 50
8 78
6 24
7 14
10 53
6 45
5 13
1 4
8 87
9 2
7 79
1 39
8 14
3 62
5 12
1 36
10 30
6 6
8 29
3 45
9 4
3 93
6 44
3 38
3 47
5 27
1 27
5 95
4 95
9 22
7 63
4 67
2 4
10 22
8 3
7 52
10 98
1 94
9 95
2 33
8 26
1 3
2 95
6 43
1 92
5 17
3 57
10 25
8 57
6 1
8 15
6 55
1 38
6 35
8 20
6 94
4 81
8 37
5 75
10 25
10 2
10 6
6 11
9 40
2 15
5 58
5 70
1 35
2 66
8 35
6 0
6 75
2 70
2 88
6 81
4 9
4 16
7 28
2 32
9 19
1 12
3 12
7 79
3 30
5 35
9 28
8 34
7 58
3 84
1 87
9 78
6 8
1 23
4 36
7 43
2 26
10 78
5 11
9 20
10 75
6 66
3 26
7 13
7 29
10 38
6 36
10 40
8 34
3 76
6 34
4 54
8 39
10 99
4 57
5 42
6 2
7 17
1 58
4 0
7 59
5 70
8 45
4 37
9 47
6 32
10 10
10 67
5 44
2 14
10 81
9 39
7 93
6 29
9 10
4 37
4 76
1 47
1 12
8 76
9 50
7 1
4 27
9 28
8 34
3 12
8 25
1 41
8 72
3 55
6 8
5 92
8 28
10 67
3 15
6 96
1 62
6 38
9 1
3 33
2 0
4 91
9 96
1 39
6 42
7 2
6 33
8 74
7 52
6 59
9 33
1 40
8 50
2 2
6 49
4 15
5 28
5 17
1 31
9 100
8 17
6 4
3 4
5 11
3 19
7 30
10 80
9 100
10 98
10 15
7 88
10 86
9 12
3 50
6 86
5 69
2 71
7 81
7 17
4 56
9 82
9 50
7 51
10 47
9 82
10 85
9 83
9 29
6 14
9 5
2 67
2 36
8 86
9 37
8 89
5 57
2 3
8 82
2 96
7 48
10 35
4 0
9 60
3 46
8 16
8 35
9 60
10 70
4 5
4 78
3 0
3 65
6 26
7 61
8 25
6 28
3 71
10 21
3 78
1 82
1 6
4 52
6 76
6 55
3 4
9 48
9 42
2 11
8 77
7 77
2 39
5 11
8 53
8 98
3 52
4 82
5 54
10 24
5 7
1 68
9 83
7 37
2 93
4 29
5 60
9 57
1 62
10 77
10 53
2 79
5 26
10 62
6 21
7 53
4 98
9 54
4 49
6 14
10 95
10 45
1 100
10 91
8 90
5 87
4 72
7 99
4 13
2 75
2 67
5 12
6 27
10 56
1 91
7 73
1 84
2 96
10 55
2 100
4 15
3 11
9 60
10 68
7 41
5 55
8 6
5 20
9 57
10 90
7 89
9 45
2 5
9 39
10 32
5 5
10 67
8 56
5 39
5 4
8 88
9 49
5 93
1 32
7 19
5 16
1 66
8 49
9 3
7 95
8 72
2 65
6 4
8 22
3 3
6 94
7 73
3 29
8 27
2 29
1 7
1 71
5 12
5 27
2 73
1 97
3 3
10 43
1 94
7 61
5 33
10 54
7 71
10 29
8 54
9 18
6 77
9 56
3 0
9 79
9 21
4 18
5 64
8 13
1 89
9 29
2 12
5 89
9 57
8 42
8 93
8 27
4 60
10 15
10 84
8 27
3 7
2 95
1 65
5 71
1 18
6 60
9 85
2 51
10 4
8 0
4 88
7 72
9 89
8 20
2 99
7 0
4 16
4 73
2 50
7 92
2 48
8 73
10 74
8 35
6 81
4 52
7 53
4 66
10 74
2 23
6 61
2 70
10 84
10 2
2 40
7 73
1 90
4 83
1 93
4 46
4 79
10 97
10 94
3 26
7 6
4 9
5 69
5 23
7 100
4 25
7 99
8 16
3 50
6 24
1 39
8 66
4 98
1 36
8 96
9 82
8 58
8 5
4 19
1 94
1 81
1 48
1 98
6 55
10 6
8 54
4 12
2 89
8 75
9 11
7 5
3 83
1 47
2 63
1 28
10 77
1 32
8 51
6 1
1 72
10 99
6 61
7 3
9 64
2 94
9 11
8 20
2 61
5 31
3 18
2 29
1 96
8 68
4 55
6 83
3 95
4 47
2 3
10 82
2 32
1 61
8 84
8 88
6 50
6 66
1 43
4 100
2 76
8 56
4 41
4 76
3 61
8 90
4 17
1 67
3 48
5 0
2 29
3 81
10 43
2 67
3 54
9 13
2 94
5 33
2 89
9 1
1 93
1 63
8 11
4 1
6 29
2 64
1 13
9 13
1 37
2 93
2 82
6 52
1 14
5 44
10 9
7 75
10 13
4 4
4 44
2 74
6 49
7 6
3 49
5 55
4 76
10 76
4 3
4 9
10 78
10 52
7 54
10 12
8 64
3 90
10 41
9 70
1 13
4 0
4 83
4 18
10 82
9 100
2 79
10 41
10 20
2 88
10 90
5 49
4 89
10 96
10 1
1 98
3 46
5 48
5 50
4 84
4 40
9 69
2 97
10 12
8 28
4 81
1 24
2 61
5 57
1 87
8 85
9 15
10 35
7 79
1 38
9 23
3 75
2 80
10 5
4 6
2 55
1 74
6 8
4 100
9 15
1 79
4 54
3 79
10 43
8 36
6 35
1 13
5 61
4 63
10 62
6 86
3 54
7 64
7 21
5 51
7 21
9 68
7 36
1 0
7 95
5 86
9 39
5 68
6 28
1 48
1 48
10 50
9 60
5 86
9 16
2 12
10 9
5 9
2 66
4 51
10 65
7 85
5 10
3 25
10 91
3 56
5 1
5 31
7 83
2 4
3 54
3 55
2 97
6 85
7 7
4 16
6 97
8 31
1 37
2 15
10 37
5 80
9 76
2 14
1 78
4 65
9 85
9 34
9 91
2 100
9 76
9 41
9 33
7 67
10 37
7 50
10 88
4 60
9 100
8 65
9 38
7 46
9 9
3 50
1 73
9 74
6 13
4 68
3 1
9 42
6 79
9 36
4 76
4 56
2 58
10 90
6 85
8 66
1 77
6 8
7 77
8 73
5 48
10 51
3 57
1 95
10 9
4 51
9 66
6 85
2 7
5 21
4 16
1 51
3 94
9 85
10 45
1 18
9 6
2 25
10 44
8 91
2 96
2 77
5 0
7 63
8 45
3 31
9 15
8 16
3 48
10 69
4 4
5 64
4 20
5 85
2 85
6 89
2 64
7 41
3 68
10 61
3 20
7 48
2 93
4 38
9 2
8 57
10 66
3 1
10 55
5 97
2 23
8 8
7 95
4 97
2 10
5 54
2 69
8 70
4 74
9 6
9 71
2 46
1 35
2 38
1 27
9 35
4 30
6 100
9 94
9 58
3 49
3 30
5 90
9 55
7 94
1 85
5 99
3 59
3 15
10 5
4 48
3 78
7 35
1 69
6 79
4 0
9 37
6 81
3 83
9 100
9 32
3 65
8 39
10 53
10 23
4 45
6 24
3 76
3 92
4 34
10 74
8 11
9 76
10 10
2 25
3 61
7 73
10 64
10 87
4 80
4 99
2 47
3 68
8 31
5 77
1 12
10 17
1 92
8 67
1 64
7 75
5 19
1 56
6 6
6 57
2 96
10 87
6 80
9 80
2 31
7 56
2 90
3 81
8 52
6 86
3 41
6 44
4 7
7 21
6 10
10 3
1 75
6 63
1 12
8 51
6 14
5 51
4 9
10 14
9 71
6 99
2 78
5 94
3 16
3 56
8 57
5 2
5 49
9 3
8 22
6 26
10 20
4 36
10 33
2 5
6 61
2 87
7 59
4 50
4 41
8 25
4 36
7 67
1 39
8 44
3 83
9 53
10 89
5 83
2 1
8 13
6 0
2 13
10 65
2 66
8 95
8 0
9 98
4 10
4 85
6 91
2 99
5 23
1 26
7 0
8 22
8 34
10 46
3 70
10 63
8 22
6 27
3 62
1 26
6 75
6 67
1 2
7 24
3 74
4 9
9 80
7 84
8 99
2 16
1 100
3 3
5 32
8 57
3 0
5 24
8 62
9 67
6 76
8 96
2 86
3 30
9 19
2 34
10 36
4 69
1 1
8 37
8 61
5 64
8 45
9 41
2 40
2 36
9 56
10 58
2 23
7 33
5 80
4 59
7 67
4 56
3 89
6 80
7 73
1 21
7 11
6 16
5 100
8 26
9 83
6 67
10 38
10 29
3 89
10 59
7 7
1 16
9 3
9 70
2 96
8 1
5 8
6 68
4 28
8 56
7 13
9 7
3 7
5 30
9 61
4 14
3 17
4 49
9 64
2 55
2 35
10 76
2 10
1 27
8 79
5 57
5 77
5 43
4 31
10 84
5 45
1 42
10 54
7 91
5 23
3 15
6 76
10 55
10 78
2 94
2 37
5 34
1 11
3 12
1 53
2 53
6 21
1 28
1 36
2 69
2 67
8 21
8 8
8 84
10 36
1 57
2 17
4 11
9 84
8 91
8 46
6 31
5 54
9 65
5 50
4 36
3 66
4 45
8 18
2 72
2 84
1 80
10 33
3 4
1 24
4 71
7 63
6 70
9 35
9 17
5 9
7 56
1 29
3 98
2 18
8 73
6 50
7 90
6 96
5 14
4 63
3 95
9 70
2 88
1 79
2 53
7 87
10 99
3 74
6 90
2 25
1 10
8 74
7 0
5 95
9 19
3 91
3 33
7 52
6 84
6 85
7 37
6 50
10 98
3 27
4 61
8 11
2 56
3 98
9 18
9 53
8 23
4 61
7 70
4 90
7 95
3 55
3 53
2 40
2 21
2 24
1 3
5 9
7 15
8 58
1 72
3 94
2 58
9 73
7 28
7 26
1 1
3 39
8 90
10 41
6 87
7 12
8 80
9 40
1 71
6 93
4 89
8 74
4 76
4 61
7 14
2 11
9 67
7 33
3 9
1 59
4 93
5 80
4 21
2 22
9 91
10 38
1 75
6 85
6 70
3 93
3 55
1 63
2 92
6 75
6 5
1 51
2 99
1 48
9 24
9 29
2 3
7 1
6 61
2 69
7 58
2 88
2 69
3 11
6 98
8 93
8 57
8 58
5 64
10 93
9 49
8 56
1 61
1 10
7 17
8 98
5 52
4 42
4 6
8 39
6 53
7 0
2 56
2 64
10 61
3 82
1 75
1 16
6 92
10 64
10 2
8 4
8 25
10 46
10 81
10 34
2 82
6 77
1 56
3 91
7 62
1 19
4 68
3 17
9 2
6 37
9 82
4 93
3 12
8 54
7 87
1 51
7 74
6 61
10 62
7 6
8 48
9 43
1 94
6 97
9 28
10 60
4 21
10 58
5 85
7 85
9 14
1 69
7 61
3 17
3 37
6 4
7 67
9 54
6 37
4 7
10 5
2 3
9 55
7 16
1 81
8 94
5 11
10 87
4 68
9 79
2 10
3 37
1 2
3 93
4 52
3 88
7 31
3 14
3 33
6 83
7 21
9 49
7 99
6 92
7 31
6 85
5 57
7 46
7 39
4 51
2 1
9 6
6 54
7 35
2 87
5 29
4 57
8 1
1 93
7 25
8 44
5 24
3 16
3 96
7 34
10 26
4 99
9 41
5 43
6 60
9 17
9 52
4 35
8 88
6 21
10 3
3 0
2 27
8 88
8 70
7 72
8 36
5 30
9 9
9 20
10 65
3 92
4 83
1 58
5 92
9 80
7 55
1 9
8 54
6 82
5 10
6 32
2 79
6 50
2 54
5 6
9 31
3 25
5 38
6 21
9 16
9 100
6 66
10 52
7 58
10 82
5 69
2 77
6 71
5 26
3 34
10 27
3 34
2 95
5 20
3 62
3 84
7 6
9 75
4 92
4 78
10 90
7 21
4 20
10 27
2 74
6 16
5 57
4 2
9 85
3 79
10 92
7 34
4 63
9 10
4 67
9 58
4 79
6 66
5 47
6 8
9 18
5 95
2 60
3 65
10 51
7 41
1 60
6 21
3 99
10 84
10 28
9 16
8 91
1 48
4 30
10 99
3 38
1 6
5 68
8 31
1 77
3 98
10 73
6 77
2 97
10 52
10 39
10 90
3 95
4 26
1 76
4 87
10 84
9 33
2 22
4 52
1 89
5 32
3 70
5 86
7 71
9 86
3 51
3 9
9 48
1 15
6 14
6 91
1 94
9 63
8 6
6 8
6 96
10 25
10 64
10 92
3 47
9 60
8 34
2 91
1 95
9 21
6 68
2 48
3 35
4 41
4 32
7 30
3 39
3 96
9 29
10 55
1 47
4 73
3 38
7 9
2 11
4 84
3 31
6 23
4 63
1 3
2 83
6 21
8 98
3 83
6 18
7 72
5 19
4 18
10 46
7 30
1 35
4 77
10 79
4 89
7 9
5 43
9 5
10 66
5 41
4 27
8 57
6 22
6 79
5 52
7 43
1 66
7 80
8 81
4 23
6 71
9 8
4 8
4 21
4 38
4 44
1 12
8 80
5 95
3 57
2 33
8 73
2 41
3 57
1 39
3 37
10 30
1 99
4 75
2 19
4 4
2 37
3 80
2 26
6 4
3 22
7 23
6 92
5 21
10 70
7 92
7 34
1 58
3 44
6 14
7 7
9 56
1 21
3 84
3 68
8 55
2 37
3 63
6 14
7 66
8 55
5 80
8 96
4 32
7 61
10 36
5 82
5 86
6 13
1 8
9 90
5 43
7 42
6 34
9 2
5 35
1 57
7 52
6 22
2 69
1 91
10 80
5 6
2 40
5 70
8 7
2 28
7 31
4 0
2 57
7 40
7 39
4 95
2 58
6 78
3 45
3 5
10 92
1 9
4 94
6 23
6 36
7 21
8 91
10 39
10 42
1 97
7 27
1 29
3 55
6 31
7 73
4 38
1 12
7 88
10 6
10 68
6 45
1 94
1 94
8 28
10 77
7 76
1 90
5 4
1 28
1 11
9 91
7 16
5 84
1 33
4 6
3 52
3 2
10 26
9 58
6 39
1 34
3 52
6 14
6 84
9 84
7 19
7 22
2 44
8 30
2 1
5 91
7 71
1 69
4 99
4 0
3 34
10 32
7 66
3 20
1 19
9 29
9 100
1 36
6 29
5 69
5 53
2 41
9 96
7 45
1 35
2 40
4 100
1 64
9 60
7 17
9 69
1 1
3 3
2 31
4 19
8 71
3 12
7 100
1 78
9 82
1 50
2 24
6 75
1 34
6 23
5 76
9 39
4 71
2 74
1 16
6 73
4 17
8 97
7 53
2 89
7 40
8 91
3 54
4 27
7 65
1 59
5 35
5 62
1 26
5 3
5 91
2 76
7 41
5 92
9 59
10 51
1 95
4 4
8 92
3 35
6 95
10 83
10 57
6 33
7 35
5 61
4 7
8 48
1 51
1 42
6 97
9 68
8 19
8 51
7 23
5 19
7 10
7 89
1 30
10 88
9 85
2 22
10 22
4 44
7 48
2 62
3 36
5 35
1 39
3 99
2 66
10 89
4 92
3 24
4 55
5 9
9 69
7 73
2 17
8 36
9 99
9 88
3 1
5 78
8 87
2 68
4 22
2 87
9 18
7 96
6 54
9 66
6 68
4 93
6 26
6 72
8 91
10 70
7 98
1 65
4 73
9 93
9 33
7 68
1 38
1 90
7 15
10 38
6 50
2 38
2 85
5 73
6 48
3 58
10 11
9 27
5 90
7 49
9 73
9 27
2 5
7 15
8 8
9 50
9 67
10 47
3 60
4 38
1 64
7 38
9 71
10 71
2 16
4 55
1 91
2 92
8 76
5 94
2 72
10 76
6 74
4 92
10 80
1 91
2 51
6 43
7 40
4 24
10 61
5 65
1 60
6 72
9 49
4 29
1 40
3 91
6 88
8 61
8 43
6 14
5 12
7 47
8 65
8 79
9 100
2 51
7 6
6 38
6 49
6 61
5 94
5 36
1 92
2 59
6 68
6 21
6 17
2 51
3 2
8 27
2 36
6 49
9 41
3 68
10 12
1 62
4 66
8 39
1 62
1 19
10 57
6 80
8 99
7 83
5 61
1 23
10 61
8 63
10 48
3 8
1 81
8 18
5 81
9 3
7 22
10 5
2 10
8 79
4 37
1 94
2 26
9 65
10 21
6 81
6 85
4 38
8 6
8 38
3 68
6 86
9 8
4 39
5 42
9 64
3 14
10 97
10 8
4 6
5 3
10 83
6 22
4 62
2 94
1 61
10 96
2 62
3 28
10 0
9 98
7 41
6 88
5 60
6 64
5 50
2 88
3 93
7 12
8 12
6 36
10 56
1 20
5 29
10 92
8 67
9 64
1 54
8 79
4 43
7 97
10 92
6 28
5 21
2 93
9 53
5 28
7 75
6 76
10 73
3 82
4 53
1 65
8 63
1 96
8 51
9 62
7 78
8 57
1 79
3 94
10 14
1 8
7 97
4 31
7 39
8 39
5 97
4 27
6 18
8 80
10 15
9 35
2 35
2 33
7 9
3 14
7 64
5 21
10 8
8 92
10 46
6 19
5 71
7 96
2 95
2 77
10 35
9 73
7 22
1 87
5 21
4 87
5 23
4 82
6 98
5 8
7 87
4 53
5 61
1 83
9 0
5 62
2 95
1 69
10 95
4 100
3 82
6 10
6 32
10 63
10 4
6 24
4 13
2 76
4 5
4 57
5 44
4 93
7 39
3 81
4 98
2 9
2 82
3 79
6 80
6 26
1 64
3 59
5 5
1 94
9 91
2 53
3 87
1 21
6 91
9 87
3 67
7 60
2 20
6 51
3 55
6 39
4 2
1 58
4 79
5 14
3 28
9 70
8 55
5 81
6 8
2 87
2 95
4 60
4 99
4 21
4 99
4 67
10 51
8 61
7 90
3 79
10 84
6 43
5 48
5 46
6 10
4 42
8 5
10 74
3 16
6 60
10 89
5 30
8 28
4 37
5 90
5 76
2 25
7 45
10 89
5 48
10 57
7 19
8 89
6 53
8 81
6 67
6 89
8 33
1 4
10 20
7 97
1 81
1 69
7 55
2 68
9 57
10 96
10 23
1 56
10 30
7 65
9 99
2 9
8 39
9 23
7 86
3 22
6 0
10 40
8 93
5 98
9 20
3 15
6 100
6 26
7 21
3 23
4 26
2 11
7 5
1 65
10 24
1 44
2 57
8 100
7 61
1 59
5 5
1 31
2 94
8 43
9 69
9 28
8 54
10 4
8 62
5 32
10 24
5 3
10 94
8 26
4 65
5 50
5 19
4 44
10 8
4 67
2 88
3 55
10 6
3 43
1 90
10 92
4 83
4 98
5 96
2 32
3 15
10 47
1 89
6 64
2 45
10 13
5 11
9 18
2 6
6 82
2 61
8 99
4 80
10 13
10 79
7 43
10 95
5 47
1 59
6 10
9 58
1 33
9 14
1 14
10 21
9 92
7 37
2 19
10 63
3 81
7 11
8 0
9 30
4 49
2 24
7 43
2 45
6 49
1 97
9 36
8 12
7 23
10 85
10 6
2 21
3 95
9 100
10 9
10 3
9 23
8 29
9 46
9 25
6 87
6 63
4 50
2 61
1 21
6 10
4 90
9 39
1 39
2 49
8 72
9 59
8 89
10 53
9 82
4 17
8 51
9 35
7 92
8 16
6 48
6 67
7 95
3 48
7 3
2 81
7 52
3 42
10 55
4 32
2 29
2 5
3 52
10 73
1 23
3 54
4 25
2 11
5 50
5 63
5 76
4 7
1 85
1 64
5 34
1 75
5 60
6 65
6 27
6 18
4 4
3 62
6 76
9 34
2 3
6 60
1 66
2 86
8 16
5 13
1 48
2 46
3 42
6 6
3 13
5 71
6 81
4 69
4 85
9 61
9 48
5 85
6 1
10 24
6 44
5 43
8 12
1 57
2 7
6 58
5 41
9 97
7 11
3 49
7 24
8 81
7 5
5 79
4 51
10 90
4 85
7 84
7 28
5 33
2 48
7 93
5 54
1 75
9 76
1 33
7 13
6 32
8 86
4 64
9 14
1 9
1 31
4 72
10 12
4 8
8 16
2 61
2 49
3 90
10 83
5 59
10 16
2 22
9 50
2 79
9 27
4 20
4 34
2 90
9 13
8 19
1 100
1 67
9 60
8 92
7 41
2 1
4 26
6 35
2 44
5 28
10 73
1 55
3 26
8 36
6 56
10 8
7 28
5 46
3 50
4 79
1 15
3 86
7 18
7 22
2 76
5 71
6 99
2 16
1 31
3 39
3 15
9 81
3 56
8 18
8 20
6 10
5 31
1 40
10 29
6 66
5 41
7 80
3 3
6 87
5 25
6 2
9 99
3 44
5 27
2 76
1 16
10 98
8 43
2 64
10 78
1 49
1 16
4 6
10 9
1 63
1 54
5 25
9 46
9 100
7 9
6 25
8 48
1 30
8 46
3 83
3 74
10 63
1 50
10 51
7 40
10 16
1 21
1 35
8 43
6 15
8 12
6 50
4 63
6 77
9 16
4 91
6 4
7 30
2 64
2 72
10 10
9 2
9 39
7 71
1 5
9 25
9 60
6 39
4 83
2 73
8 97
3 69
7 3
9 70
4 37
9 29
7 92
1 76
6 98
1 94
4 60
1 59
3 75
7 41
3 54
5 16
6 74
9 13
8 85
6 2
2 84
8 94
8 53
8 60
9 94
3 78
8 25
3 69
5 35
5 72
1 33
2 94
3 39
2 10
6 29
3 77
1 23
8 93
4 48
10 92
10 68
3 91
2 100
4 89
1 71
4 83
5 90
10 79
10 43
9 30
4 1
2 55
6 48
1 86
3 7
9 72
7 96
10 35
9 54
4 38
3 49
9 34
8 63
7 69
5 82
10 51
5 73
7 81
4 15
10 86
3 94
1 37
8 49
8 97
2 48
1 41
2 33
7 30
9 2
3 89
9 93
7 10
8 29
10 54
6 84
6 13
2 31
7 59
7 22
2 99
2 98
2 20
10 13
2 11
1 68
10 37
2 83
9 10
2 56
1 28
1 32
4 2
4 31
6 54
6 76
7 35
9 60
1 18
10 83
1 27
4 81
1 9
8 52
5 73
5 97
8 51
3 98
1 75
3 69
7 0
8 12
8 66
4 26
5 5
8 44
4 89
4 41
3 73
7 22
7 82
10 37
6 27
10 71
7 9
7 10
3 89
8 68
7 53
6 29
7 33
10 44
1 96
8 30
6 83
9 31
10 9
9 31
5 49
3 82
5 13
5 65
3 83
1 27
6 46
9 72
5 7
4 55
2 70
5 4
7 48
7 56
9 99
7 37
3 95
8 16
4 68
2 84
3 24
9 4
5 96
5 43
9 82
5 22
2 23
4 76
10 70
6 96
5 13
10 81
7 21
10 42
1 30
10 62
7 59
8 56
1 47
9 95
9 71
5 13
9 87
10 55
6 69
5 34
7 1
5 7
8 79
8 71
8 84
6 81
10 8
5 87
5 20
8 93
9 51
8 10
9 96
2 79
10 85
4 13
5 8
9 91
10 38
4 43
3 29
10 33
3 6
9 80
8 94
2 40
9 18
8 60
7 97
10 3
1 67
9 68
9 45
2 21
4 4
8 44
8 83
8 85
6 81
4 66
2 75
1 48
1 54
8 51
8 34
5 42
6 49
4 48
9 12
3 75
1 83
5 80
2 9
6 39
2 58
3 95
9 1
5 60
3 28
2 53
1 27
6 51
8 1
1 30
1 11
5 78
9 92
9 76
2 70
10 75
9 56
5 87
6 82
7 27
3 6
4 7
5 81
9 34
1 57
9 62
5 51
10 85
8 18
2 5
2 30
5 49
7 67
5 13
2 52
3 38
1 64
1 9
8 31
3 47
6 17
8 25
9 10
1 16
6 76
2 85
2 52
10 58
2 49
7 51
4 44
3 46
2 9
3 7
8 88
8 58
10 41
1 20
7 77
8 1
8 74
6 66
7 7
8 48
10 77
9 78
7 22
6 46
4 32
10 65
6 19
9 51
9 82
1 96
5 96
10 63
5 76
7 22
7 76
2 68
2 40
3 32
5 95
9 37
1 6
1 72
10 17
3 76
6 15
10 12
5 19
7 9
6 62
7 73
5 36
6 25
2 7
1 18
1 82
5 26
8 29
1 29
5 87
3 21
4 61
6 59
9 18
10 53
9 27
9 95
6 73
8 73
10 37
1 34
5 22
9 97
6 47
4 97
2 7
6 63
3 0
5 57
4 30
10 93
3 27
9 28
5 58
2 10
1 87
9 51
9 11
7 48
1 12
3 98
6 0
4 20
7 8
3 62
6 68
6 55
5 81
9 80
10 29
6 99
7 89
10 57
7 51
4 0
2 25
8 67
7 34
9 72
9 22
4 10
8 52
9 40
8 68
10 60
3 100
3 60
3 55
2 75
6 41
5 90
3 15
9 68
8 32
1 76
2 71
7 0
9 21
10 6
3 60
5 17
10 8
5 70
1 3
9 58
1 46
1 84
2 58
10 32
2 18
1 66
8 48
9 6
6 12
5 28
7 30
8 45
5 87
3 12
2 20
8 64
1 11
7 49
1 81
5 52
10 30
10 41
4 59
10 21
8 29
9 5
2 100
7 3
10 93
10 52
6 37
10 49
1 43
8 82
6 49
2 35
6 10
1 7
7 29
4 30
7 43
8 56
4 80
9 18
10 61
1 68
3 92
8 43
8 6
3 96
9 93
7 95
6 83
2 51
3 56
4 15
3 93
10 98
9 3
6 8
7 40
7 81
4 75
2 9
3 19
2 66
6 43
5 97
3 47
7 17
9 15
5 30
10 30
1 55
2 74
8 3
10 41
2 24
5 47
10 59
2 59
2 32
5 82
9 52
7 23
1 91
2 48
1 45
3 13
1 98
3 24
4 56
2 63
8 47
7 16
5 64
7 50
2 40
1 53
8 32
3 15
8 64
3 11
2 41
2 85
1 37
4 81
1 34
8 82
9 98
5 88
5 54
5 87
9 7
1 84
7 70
10 50
10 66
2 26
4 74
10 49
7 99
1 97
5 20
5 66
4 67
7 47
10 16
5 22
10 46
10 35
1 75
3 65
4 23
1 33
1 56
9 34
8 71
3 12
3 56
1 2
7 69
10 43
4 29
4 31
5 24
3 18
4 96
1 93
2 79
6 73
7 33
3 70
5 12
4 35
1 92
3 87
3 37
3 36
6 0
7 3
6 66
5 73
9 33
8 44
4 67
9 67
3 24
9 46
1 70
10 39
6 11
8 29
7 77
3 78
4 71
1 68
4 1
2 81
9 94
9 50
5 26
5 87
2 90
7 74
9 57
7 43
4 64
4 52
4 51
8 48
7 32
4 20
5 98
1 75
5 35
8 98
3 40
5 57
4 46
10 27
1 33
9 6
3 60
9 35
7 9
8 24
9 0
2 11
1 71
7 28
7 61
3 53
5 54
4 94
10 34
2 70
1 0
9 16
7 55
1 62
5 84
7 98
5 38
6 6
7 35
6 91
10 60
3 23
4 89
8 94
8 54
5 51
2 60
9 10
8 71
6 9
3 34
4 28
3 35
4 11
8 21
8 14
3 49
6 62
5 50
7 36
2 50
3 10
2 36
10 17
5 50
5 30
2 46
4 92
3 60
1 17
3 39
2 78
9 61
10 26
5 47
10 63
10 81
1 61
9 47
4 25
1 36
9 52
10 40
5 67
10 14
10 14
8 93
6 45
6 66
5 46
3 35
3 86
7 74
1 74
8 9
8 60
7 14
3 31
5 37
7 64
5 100
7 45
5 57
2 6
8 61
3 3
6 23
6 7
1 0
10 47
1 84
3 79
6 75
7 19
1 13
2 65
1 11
7 8
1 82
9 55
9 10
7 31
3 26
7 53
9 20
7 66
9 50
4 8
8 65
5 59
1 85
6 80
2 44
3 91
1 69
5 24
1 0
2 38
6 24
9 23
1 50
2 39
2 34
6 28
4 0
3 59
6 10
9 59
9 46
10 17
4 75
10 36
6 95
4 77
7 85
5 15
10 39
6 27
1 29
6 75
10 61
8 79
7 36
1 60
7 99
7 96
8 13
5 59
8 33
5 23
2 36
3 14
6 79
3 37
3 6
1 19
2 1
7 42
1 69
8 49
6 34
5 32
5 48
10 50
5 34
8 100
9 52
1 12
4 13
2 29
9 55
10 94
9 62
4 37
10 94
10 75
10 43
5 87
9 32
10 99
9 13
7 56
4 77
4 42
4 98
2 66
4 61
8 27
4 73
5 80
9 34
1 9
1 96
4 15
6 9
10 68
8 87
2 92
1 30
2 91
8 98
9 57
5 20
7 10
6 16
2 87
8 29
1 53
3 74
4 87
5 18
9 62
6 86
6 14
9 24
10 79
1 78
7 37
5 60
6 2
3 54
10 24
1 10
3 19
10 70
8 82
5 94
3 70
1 40
3 8
7 62
4 82
3 90
3 100
2 25
7 22
4 13
6 38
9 3
10 78
10 72
1 38
10 80
1 44
5 23
1 86
8 78
2 23
1 23
2 80
3 96
2 12
2 60
6 2
3 43
10 0
3 91
4 48
7 14
4 85
4 20
6 64
5 43
2 13
3 87
8 45
3 72
2 87
9 6
3 18
5 95
3 34
2 7
3 59
3 10
9 18
9 84
7 3
6 82
6 75
3 57
1 69
10 20
3 22
9 82
4 24
1 13
8 9
10 87
7 85
10 60
2 50
6 49
5 88
1 61
4 32
1 69
4 40
9 5
5 7
1 26
7 78
10 26
8 16
9 13
4 1
3 65
1 59
8 4
1 4
2 82
1 6
1 25
1 31
2 23
8 47
1 13
10 14
9 75
2 12
3 29
4 68
8 95
10 26
2 49
10 88
4 32
3 17
1 85
3 77
9 53
4 55
1 64
10 9
7 23
6 22
4 53
10 16
7 55
4 57
1 12
8 42
1 15
6 91
3 9
1 43
6 34
1 85
2 43
4 46
3 48
3 78
10 25
5 46
10 18
10 24
4 55
6 55
10 61
4 37
7 11
6 47
9 56
9 83
9 99
3 1
6 100
5 72
3 45
7 61
6 64
1 37
8 40
5 30
9 21
2 63
5 24
4 47
8 90
1 60
2 81
9 79
1 40
10 12
4 86
10 31
4 11
1 89
5 97
8 19
3 92
10 0
2 24
3 26
8 0
8 70
6 82
2 69
9 75
5 45
8 61
6 26
5 46
2 43
7 4
2 17
8 9
8 57
3 17
4 28
4 62
10 96
1 99
8 35
8 37
3 83
3 98
6 25
9 48
3 82
4 46
2 2
6 47
3 38
7 54
5 53
8 54
4 55
2 71
10 74
8 35
6 22
3 57
7 76
8 61
6 100
1 62
4 24
8 14
9 28
9 96
6 85
6 74
10 100
1 79
1 23
1 31
2 2
10 94
3 70
3 75
7 22
7 85
2 73
3 40
1 32
4 74
9 30
4 75
4 100
5 96
7 23
10 56
7 41
5 74
3 47
1 9
5 84
7 61
5 83
2 35
5 29
6 63
7 95
6 44
3 29
7 19
2 74
9 88
3 48
8 92
8 97
3 46
7 78
3 95
10 62
2 41
6 59
2 85
6 33
10 11
1 87
8 60
2 71
2 72
5 37
3 35
10 83
8 87
7 20
1 51
1 95
8 24
6 94
7 86
8 97
4 45
8 45
1 38
1 90
7 40
5 76
7 85
2 90
1 33
6 8
6 27
8 9
4 83
4 11
4 84
9 5
1 20
9 66
5 72
4 74
2 34
5 17
5 88
3 68
9 45
2 14
3 65
5 71
3 9
1 3
3 46
5 39
5 68
9 18
10 80
6 36
7 80
10 77
3 89
9 53
2 8
4 50
7 37
8 89
5 73
7 8
1 73
6 4
2 91
7 4
1 73
7 49
1 69
3 77
4 63
2 72
10 90
6 63
5 86
1 79
5 61
7 66
3 78
6 83
10 19
8 67
9 80
5 97
4 36
1 99
10 11
4 98
6 100
6 18
9 23
7 7
10 69
7 84
8 99
6 37
2 98
5 62
6 54
6 98
10 31
6 69
4 91
5 33
7 68
2 26
1 32
9 58
6 31
3 64
10 12
8 80
2 93
9 38
7 35
4 64
7 22
6 81
1 64
7 59
3 73
7 51
2 89
1 65
1 19
9 80
4 72
4 79
6 42
10 78
6 3
5 5
1 35
5 21
6 66
8 37
10 98
8 4
1 85
5 98
3 2
10 92
9 31
2 36
2 27
7 11
2 61
6 43
9 16
7 57
6 59
6 26
5 83
1 12
7 68
3 15
3 95
7 25
5 38
2 18
4 11
6 19
6 56
3 64
6 35
4 84
4 87
7 91
10 78
9 47
1 27
6 58
5 32
1 6
2 12
2 48
6 91
6 48
7 82
5 60
6 72
1 10
2 46
2 14
1 76
6 27
5 58
1 70
7 62
6 30
7 40
1 48
9 27
7 43
4 27
5 32
10 94
5 38
6 28
3 48
4 84
8 13
8 66
8 58
6 49
7 44
6 7
8 41
4 54
9 98
8 45
10 39
8 28
5 89
10 43
1 60
6 38
5 68
3 0
5 83
3 13
4 87
3 76
8 55
6 18
9 34
8 22
8 94
9 82
8 55
5 15
5 47
3 56
7 60
8 92
1 59
10 15
10 48
7 72
1 56
4 39
4 13
7 8
10 90
10 78
7 34
5 7
9 28
7 89
3 28
5 85
4 10
8 26
6 69
3 81
10 28
6 44
8 11
6 71
5 2
5 29
7 29
5 66
1 91
10 96
7 43
5 31
6 87
1 51
10 56
7 80
10 58
8 50
2 65
6 5
2 95
8 17
1 13
10 17
1 64
7 20
3 53
7 93
3 100
10 19
2 10
9 90
4 97
9 2
9 61
4 71
6 66
4 21
3 43
9 82
6 81
9 86
10 49
2 54
3 13
5 55
2 62
7 97
3 94
8 72
7 85
5 3
10 3
3 14
1 87
5 23
9 19
6 69
7 91
10 99
7 47
6 24
10 91
10 68
8 94
6 97
9 45
7 29
9 16
10 2
5 92
7 98
7 23
9 89
3 13
6 41
2 97
9 61
2 63
4 85
6 90
8 93
5 5
7 37
5 21
6 71
1 89
7 86
10 87
2 26
8 85
7 82
3 98
1 29
1 73
4 10
7 53
4 77
1 66
2 74
10 62
2 65
8 8
4 4
2 47
6 68
9 89
10 39
6 18
4 6
10 27
6 12
2 2
8 43
4 10
6 0
1 58
5 34
8 32
9 96
6 72
7 82
5 86
9 69
7 9
6 38
4 76
8 98
4 97
8 7
5 87
9 20
8 89
1 83
10 91
1 99
1 3
4 21
4 32
2 30
2 73
5 76
7 10
1 9
10 13
10 67
3 59
5 15
5 54
9 31
9 45
9 89
4 86
4 36
7 19
4 58
3 41
10 82
7 63
4 36
10 73
5 25
3 62
2 30
7 79
2 47
10 80
7 36
9 21
4 48
7 14
6 13
5 32
4 93
7 4
1 54
4 21
8 15
9 17
2 73
4 57
4 69
5 83
6 68
2 60
7 24
7 19
4 15
10 82
3 94
10 91
8 36
10 23
4 7
10 77
10 33
7 68
3 3
9 19
8 63
6 9
2 27
6 38
6 94
1 20
4 94
3 91
4 66
10 76
9 9
2 33
9 99
7 32
4 87
1 80
10 10
1 23
9 43
10 11
3 95
4 5
1 85
2 22
10 28
10 29
5 68
2 15
2 83
2 53
9 84
10 79
7 77
4 90
8 96
5 92
6 43
5 34
10 81
5 68
1 61
6 91
4 84
7 17
6 38
1 35
9 41
2 85
1 17
10 11
10 16
1 73
9 15
6 3
7 63
8 35
2 80
10 98
4 52
4 100
4 90
5 91
8 57
5 58
1 60
9 63
9 3
5 81
10 79
7 66
9 35
1 59
5 18
1 48
7 36
5 74
1 54
8 21
3 21
1 27
2 89
8 61
3 94
7 0
4 36
4 16
10 83
10 0
9 42
6 16
7 83
4 46
10 84
6 51
4 43
1 89
6 89
10 61
1 55
7 22
8 100
1 7
9 57
6 89
8 33
5 37
2 50
8 73
6 26
5 75
5 9
6 26
4 73
4 67
10 12
1 79
4 20
3 33
4 90
2 48
4 19
3 92
6 39
1 4
5 62
10 32
10 6
7 73
8 59
4 85
2 52
10 72
4 65
5 19
8 81
9 27
5 51
7 97
3 58
10 94
7 31
5 65
10 35
6 74
3 52
5 65
4 59
4 31
6 77
5 18
6 73
6 6
5 25
5 72
8 22
7 91
3 89
2 82
4 93
5 45
1 17
9 50
9 2
10 0
5 90
4 54
9 38
9 22
8 59
9 67
8 62
4 15
1 40
4 71
4 91
10 15
6 18
3 76
8 20
3 100
6 4
1 56
10 53
4 59
2 14
6 46
5 80
6 77
8 28
3 96
4 75
10 47
1 64
5 90
6 80
10 37
6 43
8 42
3 56
1 21
6 49
4 41
3 60
5 49
5 45
3 17
1 45
4 22
3 6
4 63
9 95
3 73
1 60
10 90
10 85
7 68
10 84
9 14
1 85
3 8
10 74
4 29
10 95
1 3
8 48
1 26
9 37
2 50
3 65
3 49
8 56
1 77
7 53
8 0
5 60
3 80
9 65
4 48
1 46
6 59
1 83
5 65
9 21
4 95
1 86
9 26
3 77
4 10
2 14
1 94
5 71
6 40
2 49
4 17
7 54
4 96
5 6
1 99
3 41
9 81
1 24
5 20
8 41
7 77
10 54
4 92
8 1
6 53
3 94
7 36
6 26
3 79
6 47
9 89
7 82
4 60
8 92
4 94
2 27
7 9
10 23
4 6
3 50
1 70
7 4
2 75
3 82
1 9
9 31
3 74
3 53
1 73
10 51
4 49
6 56
8 83
5 6
2 31
1 95
8 99
10 70
4 100
7 69
3 41
3 83
7 22
5 69
10 77
7 45
10 55
6 98
9 41
6 77
9 30
2 18
9 4
7 76
2 97
2 22
6 72
1 13
4 71
1 72
2 81
6 76
7 40
5 84
9 66
9 74
10 27
2 32
2 69
2 80
9 97
1 11
3 90
3 10
10 92
6 31
1 44
5 84
3 41
5 77
7 36
2 28
7 30
2 82
6 11
7 58
4 94
3 7
1 21
1 93
8 30
3 74
5 93
3 13
5 22
3 29
7 99
5 79
2 36
2 78
10 70
9 68
2 30
3 89
6 14
7 16
4 75
8 21
10 84
3 37
7 48
9 5
4 87
10 18
10 26
3 62
1 5
5 84
7 92
9 20
2 7
6 23
4 87
1 50
1 85
3 64
9 0
4 28
5 91
1 29
6 75
9 31
5 6
3 96
5 43
4 52
4 44
3 87
10 86
10 81
2 28
6 67
3 47
1 66
9 69
4 44
6 57
5 73
4 6
1 3
3 5
6 15
8 92
5 61
9 77
5 27
2 44
5 27
10 58
1 67
3 47
4 78
4 18
5 67
4 67
8 13
1 45
4 74
3 26
2 25
1 25
10 62
9 15
8 14
4 16
3 97
9 90
2 90
8 27
10 77
1 67
4 47
10 99
9 41
8 61
1 32
6 73
3 50
1 64
6 98
6 32
2 39
9 40
8 44
7 9
7 74
10 40
2 16
3 70
2 2
9 91
3 80
10 29
5 73
7 5
3 48
6 24
7 88
9 14
6 14
7 79
4 38
10 35
10 89
8 93
4 51
3 57
6 37
8 64
6 53
7 82
10 17
4 93
3 73
4 11
1 93
9 0
1 13
4 59
5 40
9 18
10 71
7 68
8 8
3 53
3 4
4 34
1 65
7 61
7 4
5 88
1 43
6 17
4 51
6 50
10 79
10 91
8 24
4 26
2 28
8 87
8 69
4 70
2 6
6 29
4 96
1 21
2 46
2 36
5 46
3 46
1 58
9 7
2 24
10 90
10 65
8 21
5 37
1 44
7 100
5 59
5 56
2 18
6 0
6 3
4 15
4 14
7 6
7 20
1 89
6 79
10 74
2 27
10 1
3 93
3 27
5 48
9 28
5 51
8 42
1 5
2 9
8 33
6 5
3 37
3 55
7 66
4 51
10 99
3 58
5 31
10 83
6 15
8 33
10 82
5 66
5 19
4 44
3 96
3 93
5 52
1 90
8 40
6 24
1 78
3 22
2 86
8 36
4 41
10 6
2 29
3 79
9 11
5 35
1 0
6 53
10 84
9 53
10 63
6 19
9 19
6 83
5 78
9 40
7 97
1 50
5 3
7 52
3 53
1 57
5 63
9 59
4 6
9 58
3 26
4 7
4 35
10 23
2 31
9 68
5 52
3 51
3 23
1 65
3 93
9 44
5 23
1 37
4 38
10 89
4 82
2 21
3 64
1 81
4 22
6 67
3 5
4 1
10 76
5 23
1 73
9 46
8 5
10 54
7 78
6 61
6 63
3 100
1 84
7 78
8 32
1 47
3 83
3 78
8 20
2 96
10 13
8 28
7 63
4 8
10 55
10 8
1 49
10 75
9 36
8 72
2 31
10 98
8 44
3 33
9 29
1 48
2 88
1 86
7 18
6 23
6 91
8 0
6 57
10 52
7 54
4 36
6 13
2 98
3 99
1 77
10 19
5 83
3 70
6 99
10 93
2 39
1 30
4 57
4 86
1 0
8 95
3 18
8 7
10 21
8 39
9 63
3 82
3 81
7 47
7 10
1 52
1 15
3 88
8 99
1 67
10 89
6 77
9 10
5 50
1 0
4 13
6 57
6 99
9 84
7 20
4 95
8 89
4 98
10 40
2 63
4 94
4 26
10 70
8 95
6 17
8 97
2 67
7 84
3 89
5 97
6 6
6 60
8 32
2 23
3 41
7 92
5 45
5 7
7 47
8 29
8 34
9 52
9 78
6 93
8 60
9 25
10 57
4 66
4 42
1 97
3 70
7 19
10 78
7 14
8 42
2 30
2 12
2 7
4 19
1 2
9 1
10 59
10 25
1 39
10 74
1 18
8 15
7 66
10 1
7 98
9 25
5 43
6 70
6 63
8 65
7 47
7 49
5 27
5 72
4 36
8 85
6 16
1 31
1 5
7 25
4 15
7 40
10 26
6 41
6 75
2 93
1 45
1 86
3 67
9 90
4 18
2 74
1 0
3 5
4 99
3 50
8 51
6 45
4 31
5 51
2 98
3 79
2 68
8 82
2 11
8 1
2 49
8 65
3 47
10 81
7 93
3 27
9 93
4 81
1 35
6 75
9 75
3 35
9 20
3 12
6 60
4 57
6 56
2 33
5 45
2 34
2 64
4 66
6 57
9 47
2 45
6 23
5 8
1 24
9 60
6 24
2 95
6 38
2 76
10 29
2 27
5 22
3 23
8 7
1 4
3 88
5 99
9 50
3 98
10 93
5 20
5 79
6 12
4 84
1 61
4 85
6 49
7 78
8 81
5 45
5 88
4 100
1 88
5 9
3 40
6 24
1 3
10 76
8 45
3 95
4 12
3 96
3 54
8 42
3 51
7 64
3 43
1 17
9 85
10 63
1 40
5 52
1 95
10 20
8 60
6 55
2 8
5 82
10 3
3 1
8 94
4 47
4 85
3 60
2 80
2 17
2 84
8 61
4 26
4 5
4 55
5 90
6 94
8 85
4 69
6 15
2 81
10 38
3 90
6 2
10 81
7 71
1 74
10 8
8 98
5 25
9 31
5 15
2 84
7 28
10 83
3 64
4 51
8 60
10 14
5 80
4 1
6 30
6 90
1 32
9 59
8 28
4 70
9 46
9 83
3 51
10 100
3 40
3 92
5 71
10 64
2 25
8 24
6 18
2 34
4 99
7 81
2 49
2 37
5 98
6 14
9 86
5 0
4 79
10 62
6 98
4 95
9 40
10 41
2 62
1 85
4 42
7 95
7 75
9 3
9 49
4 1
7 28
9 25
10 86
1 26
2 59
10 5
6 95
4 94
5 44
4 81
7 13
5 76
7 76
9 8
1 11
5 100
10 14
10 96
10 0
9 46
9 36
2 24
5 49
7 97
6 40
1 74
6 4
9 45
1 81
3 20
4 96
2 41
4 83
4 67
5 19
10 0
2 10
4 64
9 24
1 75
9 67
7 3
3 21
2 44
1 10
1 86
8 11
7 11
1 74
9 66
1 30
5 31
2 35
2 22
2 72
4 46
4 87
5 27
10 41
1 79
6 53
8 32
6 73
2 30
6 22
10 45
4 46
3 81
8 18
5 5
9 79
4 31
4 27
8 100
10 48
8 90
8 96
2 16
4 83
10 99
7 2
3 74
3 48
3 35
6 62
8 94
7 61
3 43
5 66
1 84
7 6
8 72
10 22
4 16
4 67
9 95
3 89
3 88
3 68
1 47
2 40
1 16
2 36
6 45
9 29
2 12
1 68
4 49
3 90
2 10
4 58
7 69
1 29
9 37
1 99
1 10
7 96
9 96
8 83
6 75
3 45
5 38
1 31
9 80
3 30
1 54
4 75
10 98
8 92
1 0
8 68
2 85
7 1
7 36
5 16
5 59
2 39
6 46
8 70
10 77
4 50
10 26
2 2
5 78
5 98
7 46
7 46
9 66
9 90
6 3
1 5
4 95
10 92
7 84
1 68
9 93
6 99
1 64
8 4
4 69
4 63
9 25
1 80
2 1
10 63
1 54
5 95
1 82
4 13
1 62
5 66
2 34
7 22
9 93
10 99
1 40
1 99
7 60
9 72
3 68
4 53
2 88
3 91
9 23
5 18
2 97
3 72
9 37
6 62
10 45
1 85
1 4
7 90
4 61
6 8
9 78
5 3
2 2
8 6
7 36
7 28
1 82
4 69
1 70
2 69
1 37
5 52
1 11
2 40
2 90
7 5
8 50
3 83
6 32
8 89
4 93
5 56
1 100
9 86
8 17
1 57
5 25
3 37
8 64
10 29
8 12
5 66
2 91
2 95
9 28
1 57
3 58
8 27
4 55
2 94
6 43
1 77
2 35
3 9
7 65
7 7
7 39
1 88
10 28
9 42
3 74
4 16
3 50
7 92
2 89
7 19
7 16
3 56
7 61
3 37
5 86
4 77
7 21
6 16
2 22
1 81
2 11
10 7
9 19
7 32
7 8
1 63
8 4
8 43
10 37
7 56
7 97
7 53
3 56
1 99
2 48
2 50
7 63
7 66
9 38
4 80
5 66
4 100
4 34
3 80
2 82
5 20
10 47
7 87
9 52
9 47
7 33
1 43
4 9
2 8
4 12
1 65
9 22
3 19
7 11
1 7
7 57
2 61
2 96
2 93
7 98
5 58
1 48
6 71
6 25
6 33
9 35
10 89
3 98
7 15
2 94
2 48
2 57
1 33
1 49
9 42
10 61
1 63
5 96
9 22
2 72
10 65
7 55
10 31
2 5
4 61
8 5
9 14
1 100
6 92
4 78
9 70
7 85
2 24
4 99
2 64
2 4
1 52
1 99
2 88
8 36
4 60
2 50
7 83
6 46
2 35
7 29
1 95
3 72
6 14
1 25
9 91
6 60
10 81
6 39
6 64
2 94
2 65
9 83
4 75
9 23
4 5
10 35
3 25
4 2
2 56
1 83
1 17
7 66
2 47
8 0
7 38
10 1
2 48
9 86
10 30
8 17
7 67
7 73
7 22
1 50
8 49
8 94
5 50
8 18
2 33
4 6
2 2
4 28
1 31
6 50
8 37
3 7
5 36
2 78
5 64
5 87
7 40
10 79
7 23
9 91
5 17
10 17
1 20
10 94
7 48
10 77
2 89
7 42
5 48
9 24
6 66
6 8
4 31
7 14
7 57
4 81
2 27
4 87
3 70
7 27
2 80
6 80
10 36
1 10
8 93
3 21
5 82
4 69
7 15
9 39
4 75
8 7
6 100
8 4
6 79
6 11
5 62
9 23
1 6
9 8
4 34
2 37
7 3
2 97
6 89
10 74
4 3
9 78
1 36
8 91
8 16
5 15
6 56
10 10
1 36
5 56
10 25
9 88
8 92
3 11
7 47
9 51
1 99
4 37
3 95
4 97
2 16
8 76
10 81
9 37
9 52
6 63
2 84
9 36
3 31
2 47
7 63
10 72
4 32
8 77
4 15
1 75
9 79
5 68
8 69
1 63
5 62
9 55
10 34
9 64
2 63
7 75
7 21
6 85
1 37
6 66
8 45
2 6
5 54
4 81
4 3
4 47
2 4
2 75
8 67
6 17
5 5
6 70
2 86
5 21
5 87
8 86
3 16
1 26
9 57
2 36
9 91
9 15
10 27
10 95
2 25
10 85
6 72
10 33
4 42
7 45
2 67
1 33
1 33
9 71
4 4
4 51
5 51
5 89
7 87
9 77
10 79
6 49
5 2
8 31
3 4
3 43
9 96
4 6
7 72
2 55
10 71
1 11
5 13
3 83
7 7
4 37
5 37
6 29
4 57
4 74
4 87
7 8
10 40
2 39
6 30
8 2
7 30
8 67
6 17
1 41
1 20
6 85
8 86
6 14
7 46
7 27
7 67
5 98
1 80
2 55
3 63
6 5
2 84
10 61
4 81
4 89
8 19
3 25
10 64
6 13
5 50
3 97
1 1
2 8
1 33
9 46
9 80
2 57
7 39
2 45
5 17
3 91
2 98
5 13
5 27
5 69
5 71
4 41
10 76
10 60
3 74
1 36
2 59
8 63
5 36
10 3
4 42
3 64
9 93
10 3
8 80
3 8
4 57
5 63
5 77
6 70
1 44
9 94
2 50
7 1
8 66
7 53
8 42
6 17
8 92
1 45
7 44
1 83
4 9
10 67
3 60
3 62
3 25
1 73
3 100
1 79
6 8
8 90
9 89
7 82
3 68
3 64
7 16
1 59
6 24
2 68
9 25
2 43
7 75
8 88
3 36
7 70
2 60
10 56
7 53
9 14
10 93
9 61
2 76
9 98
6 40
2 48
5 63
3 90
4 57
1 48
2 8
3 96
2 66
4 51
8 68
3 28
9 58
6 78
9 58
2 50
5 73
2 55
5 67
10 46
2 42
4 49
2 48
3 27
8 35
7 74
8 67
2 15
9 82
8 36
7 13
1 51
2 0
6 82
4 26
7 63
10 4
8 48
2 69
10 53
7 2
8 94
2 21
8 93
8 1
6 32
8 85
8 56
6 68
1 17
8 46
5 3
4 12
6 36
9 86
4 11
8 43
9 61
7 10
9 24
7 9
6 52
2 27
2 39
9 58
2 7
3 89
5 68
8 32
6 3
6 84
6 14
8 27
1 72
1 4
4 96
3 50
3 38
4 84
9 51
3 15
1 73
3 36
6 49
2 9
6 95
9 100
7 95
2 54
4 53
3 18
9 28
4 26
10 31
3 49
4 70
7 85
8 0
6 3
6 5
8 29
2 70
9 41
8 13
2 96
1 86
1 19
4 63
6 57
10 6
8 1
1 47
10 38
5 38
6 90
9 25
8 62
10 98
8 18
1 76
10 31
6 92
8 39
6 31
6 62
2 20
5 32
5 28
1 33
5 37
3 59
8 57
9 2
7 99
2 38
4 25
8 75
1 33
5 3
9 94
9 52
1 78
9 0
8 2
2 70
9 16
8 15
1 91
4 21
10 49
3 5
5 16
6 23
9 56
10 12
2 57
1 53
6 78
5 77
3 47
10 16
10 47
7 56
4 48
9 9
9 65
3 46
1 30
8 60
2 55
4 77
7 17
8 21
7 37
4 85
9 26
3 92
3 93
8 99
9 8
4 96
2 2
2 77
6 34
10 26
8 1
7 28
1 82
5 66
3 79
3 13
5 93
6 74
1 41
7 84
3 59
7 21
6 40
3 86
6 80
5 59
6 45
4 75
4 83
3 8
4 30
3 86
7 32
5 57
9 89
2 77
10 5
10 86
3 86
1 35
9 40
5 33
5 16
9 70
9 25
3 24
4 44
8 29
9 60
4 35
4 9
8 61
1 22
4 63
8 17
2 62
3 79
7 84
3 48
6 28
2 71
2 93
8 81
10 78
8 46
10 33
3 0
9 4
3 40
8 13
6 20
2 79
2 33
7 69
4 29
4 98
10 0
9 35
10 68
4 60
7 6
7 20
4 35
2 86
10 56
9 92
8 80
6 68
4 40
8 94
5 1
3 12
7 43
6 25
6 14
8 59
1 34
10 75
4 74
5 78
6 12
2 50
8 66
3 93
9 19
7 74
6 9
1 50
8 15
10 4
6 82
1 23
6 68
2 30
4 88
7 96
7 38
10 96
4 33
1 23
8 39
4 58
4 3
5 93
9 99
1 11
2 55
1 65
8 66
1 35
1 0
9 80
3 53
8 8
8 64
6 33
8 38
4 55
6 2
10 20
10 96
10 48
9 68
2 50
2 80
3 13
9 20
4 77
10 26
7 83
4 11
2 13
6 11
3 31
3 17
9 43
7 63
7 62
2 14
3 42
9 60
6 32
6 76
7 45
3 2
9 22
6 7
8 79
10 11
2 0
3 72
8 76
2 19
3 82
7 52
8 42
1 44
9 63
5 95
3 53
8 10
4 66
7 29
7 64
1 1
8 60
5 52
8 26
4 27
10 65
10 49
8 62
7 38
4 14
10 1
6 15
9 86
5 18
8 23
10 34
8 71
6 35
5 86
1 9
4 30
9 73
9 66
4 38
1 66
7 10
2 57
6 75
2 19
9 53
10 80
5 5
5 38
7 86
10 34
9 94
3 0
6 96
1 65
3 84
4 1
8 29
8 97
3 23
10 80
7 11
10 45
2 39
2 64
5 24
1 27
4 28
1 0
1 0
9 23
1 6
9 88
10 26
2 37
3 75
5 84
1 14
5 53
2 10
5 60
10 3
9 42
5 83
1 61
3 80
8 67
8 9
8 88
3 11
4 95
7 3
1 19
10 38
9 85
3 48
3 39
8 59
8 17
1 46
5 62
1 73
8 54
8 79
4 11
10 21
7 33
2 83
4 78
5 76
7 87
4 74
4 11
2 9
7 65
6 10
6 42
7 50
10 60
4 53
3 61
2 29
2 39
5 33
2 58
9 63
3 79
5 50
8 31
2 23
3 64
3 78
6 76
7 26
6 77
1 35
2 67
2 76
2 74
9 57
10 35
4 89
5 83
2 20
8 1
10 18
2 50
3 51
4 5
9 38
2 63
8 19
8 41
4 13
7 38
3 62
2 89
8 62
1 38
6 99
8 27
5 1
7 62
8 89
5 42
5 90
1 52
1 56
7 7
4 93
5 26
9 89
5 99
4 56
7 33
6 97
2 99
2 44
8 93
9 46
2 40
4 86
2 63
6 81
9 85
3 61
2 94
7 84
6 29
1 69
2 99
1 99
3 99
10 70
7 34
10 93
7 22
3 55
3 25
5 78
1 64
2 51
8 73
7 4
3 99
4 83
2 36
6 6
1 0
6 2
3 55
7 36
1 78
2 76
3 4
5 53
10 38
5 43
9 55
1 77
3 1
2 42
5 10
4 85
10 55
5 95
10 90
4 60
2 69
1 34
10 46
3 81
9 55
4 10
3 34
7 10
10 53
1 3
2 60
3 1
9 71
8 70
3 99
2 21
5 61
1 18
6 63
6 80
2 16
1 26
8 67
1 74
6 41
5 82
2 4
8 35
1 53
4 94
8 82
4 91
7 2
1 83
5 1
2 34
9 76
7 58
2 91
5 4
6 2
4 4
4 34
4 57
1 64
2 94
8 58
6 37
1 60
9 77
8 52
8 84
2 79
2 77
4 56
9 100
1 99
6 33
4 45
6 99
3 27
7 35
8 5
7 9
5 60
10 82
7 29
9 70
1 57
8 58
10 39
10 43
7 10
2 58
4 28
4 74
3 92
3 44
5 39
6 28
9 28
7 91
3 56
3 42
4 11
8 59
10 1
8 60
7 31
4 87
10 18
4 13
9 98
9 63
7 21
10 100
5 94
4 70
5 9
8 80
8 97
9 56
3 23
8 29
3 38
6 60
7 48
2 12
8 21
3 2
4 73
5 22
8 49
6 75
10 87
10 5
2 68
9 25
10 39
6 0
8 81
2 18
10 78
1 72
4 47
4 46
5 15
4 87
1 70
3 7
10 61
10 58
1 64
5 55
6 32
10 44
3 20
1 14
9 58
1 11
10 14
10 43
3 8
4 56
4 43
5 1
3 80
7 53
9 21
7 65
5 45
2 87
4 29
8 23
2 8
1 11
10 30
6 74
5 57
1 36
9 73
1 91
2 10
10 8
3 30
7 19
10 40
8 49
4 97
1 4
7 86
1 8
7 88
3 66
1 84
3 33
1 67
7 37
5 55
2 86
7 62
4 7
5 61
4 22
10 87
10 64
10 64
5 87
6 58
8 89
5 47
1 44
8 96
3 66
5 54
8 16
6 8
2 55
3 76
4 74
2 3
1 97
9 32
2 60
2 27
7 49
6 48
6 90
8 29
6 50
4 46
8 37
7 67
7 58
2 1
6 70
5 33
3 8
1 34
6 38
1 35
3 47
8 68
8 42
3 70
2 21
8 16
9 13
2 48
9 20
3 20
9 22
2 41
9 47
2 4
5 66
3 1
10 9
10 54
9 45
5 82
10 62
6 66
2 72
9 95
9 54
9 75
9 91
8 56
4 99
6 99
5 35
2 52
6 87
1 73
5 100
5 11
5 85
5 78
7 20
1 63
8 58
1 57
1 38
10 32
3 17
9 26
5 61
8 15
10 35
6 89
4 33
5 48
10 19
10 22
2 75
7 64
2 41
6 59
3 64
5 94
9 18
9 94
10 62
5 78
9 53
8 63
10 55
9 5
2 7
4 50
9 86
1 93
10 60
5 29
1 72
7 8
2 16
6 72
4 38
2 43
2 29
8 57
4 90
5 38
6 57
8 34
10 29
8 85
4 17
3 89
4 97
6 68
2 41
8 86
5 58
7 58
10 69
7 5
5 50
7 12
7 93
6 31
4 67
7 67
1 70
2 65
2 96
6 21
7 52
2 23
9 6
3 70
6 33
1 29
10 69
3 7
1 16
9 64
1 86
4 89
8 87
9 20
10 85
10 84
1 44
1 87
8 64
7 62
2 31
10 89
10 32
7 38
9 61
7 89
3 47
5 70
9 78
9 28
4 81
10 7
10 80
8 54
7 78
3 65
6 9
2 88
6 41
2 24
3 73
3 92
2 47
9 26
6 40
2 11
9 48
9 46
3 67
6 78
8 38
1 14
2 98
4 87
4 64
2 60
1 3
10 35
3 79
5 96
7 75
8 22
4 5
6 46
2 75
5 39
5 82
8 96
10 72
7 42
4 97
2 43
8 91
4 24
8 13
10 18
7 4
9 74
10 21
4 95
1 75
2 87
7 81
2 4
6 92
1 25
2 9
2 95
9 49
8 80
1 83
6 49
4 81
10 54
4 40
1 71
6 3
3 13
9 96
7 51
9 88
8 27
6 2
6 67
9 52
7 100
7 22
4 69
9 84
10 84
7 68
1 71
3 84
2 36
2 57
7 41
10 48
5 74
3 70
1 13
2 43
8 95
2 49
8 9
2 10
8 34
6 37
7 98
6 75
6 42
10 78
5 7
9 94
6 69
5 99
5 62
1 95
6 65
4 80
9 28
4 12
7 68
10 73
10 24
1 67
1 55
7 86
6 36
7 32
3 48
4 2
10 90
1 16
9 71
5 44
3 73
7 31
10 96
3 46
9 43
5 58
5 51
8 11
5 13
2 39
4 82
3 12
6 88
5 12
7 27
6 53
1 41
4 39
3 89
4 79
5 19
9 80
8 23
10 23
10 98
2 29
8 26
7 13
4 8
7 16
8 58
1 60
10 34
4 34
1 64
9 64
1 51
3 60
5 58
6 100
4 29
1 78
10 5
1 12
3 67
5 38
5 33
4 26
3 16
9 6
5 3
3 74
8 16
5 50
7 13
9 81
2 80
5 27
1 90
4 93
7 77
8 95
1 4
7 47
3 60
8 15
2 71
5 6
9 1
9 89
4 82
5 76
7 100
9 64
2 64
4 13
10 24
4 55
7 3
6 10
1 33
10 9
2 79
5 57
3 73
3 84
1 23
8 23
5 83
10 3
10 66
3 6
10 46
1 53
5 19
1 29
7 56
8 26
3 1
6 27
9 64
3 52
9 95
4 0
4 100
3 28
3 4
10 36
8 80
4 28
5 10
7 28
5 75
8 65
5 99
8 76
4 71
8 73
10 21
3 78
8 64
4 58
4 80
8 52
7 3
9 8
8 11
9 51
8 27
1 14
3 33
10 25
5 31
9 12
6 25
8 96
8 17
9 50
6 10
4 94
8 64
3 80
1 34
4 50
8 75
10 73
8 2
6 55
6 67
4 13
7 3
4 62
10 28
9 26
10 93
8 16
6 42
3 5
1 91
6 61
5 78
4 76
7 71
6 3
7 71
2 68
10 5
3 14
2 95
2 21
4 88
2 82
6 36
10 37
6 33
1 57
7 56
1 96
3 76
4 48
10 76
5 40
9 51
7 23
9 19
6 35
8 56
4 62
9 30
7 38
1 20
1 40
10 77
8 62
9 37
10 52
7 95
3 17
7 38
9 18
10 45
7 12
4 6
2 89
1 90
6 17
2 54
4 56
9 57
8 76
7 77
8 5
9 90
8 86
4 84
8 66
9 20
2 50
8 34
8 27
8 21
1 28
8 19
7 14
7 56
3 75
9 9
5 85
3 12
7 24
7 78
1 92
8 25
9 47
9 75
3 90
9 27
1 34
1 62
10 12
6 45
6 81
3 76
4 43
10 25
2 28
8 42
8 31
3 47
6 64
7 48
5 4
9 42
7 72
6 32
10 46
10 42
3 9
3 19
10 31
9 66
3 25
1 81
4 12
1 7
4 53
6 56
4 7
3 84
1 99
3 89
5 96
2 78
7 0
3 0
7 47
4 100
9 69
1 42
4 90
2 79
1 93
1 8
4 74
7 57
7 62
4 79
7 55
5 100
9 85
3 6
4 81
8 6
3 40
8 55
9 57
7 0
10 85
7 0
4 61
4 84
7 33
8 100
5 77
6 13
10 45
3 52
4 27
7 61
6 5
1 59
6 26
7 74
5 74
8 28
10 4
6 87
2 28
5 93
2 33
10 12
7 62
3 34
1 64
7 57
2 91
6 46
9 39
5 92
9 33
4 22
10 2
2 95
5 12
9 11
8 94
4 31
2 42
9 61
7 14
6 7
8 77
6 62
9 53
3 69
4 52
7 62
8 46
7 83
8 99
10 64
2 99
1 49
9 77
3 39
5 90
3 39
6 9
3 6
7 61
8 54
8 57
8 84
6 61
2 23
8 79
3 39
5 23
9 51
10 51
10 98
5 1
10 17
5 84
10 61
3 72
6 0
5 97
6 4
10 76
2 79
1 55
8 100
4 88
9 100
6 59
6 90
6 5
6 54
2 67
1 60
8 22
9 74
10 15
1 63
5 22
4 100
8 32
8 5
6 2
3 65
9 61
10 98
8 99
4 44
3 89
8 9
7 92
4 42
4 65
2 35
8 9
2 36
2 42
2 77
5 68
1 38
4 92
9 41
3 94
2 87
4 61
9 44
8 35
1 59
5 23
3 46
5 61
1 92
5 11
9 25
3 1
3 11
3 81
8 36
8 47
6 64
4 40
9 64
7 73
7 40
1 1
5 46
1 98
6 94
6 10
8 86
9 50
5 74
8 96
7 92
5 79
4 65
2 7
8 25
5 2
2 81
5 64
1 50
9 22
2 25
5 17
3 78
10 8
6 72
8 63
4 39
9 82
10 20
9 30
6 51
4 15
3 27
2 39
1 47
4 100
7 73
8 41
6 12
10 63
2 26
1 74
8 28
7 83
1 84
4 19
8 28
8 52
5 26
3 4
1 21
2 51
5 73
4 7
10 26
2 41
5 6
2 98
7 84
10 51
2 62
1 68
5 63
10 45
9 70
10 57
8 95
2 40
2 19
8 40
6 64
2 55
6 43
4 50
10 36
3 12
5 21
3 27
4 43
6 40
1 67
9 25
9 88
9 43
7 27
5 72
8 52
7 20
10 83
9 30
5 100
5 36
3 91
9 9
1 52
1 78
4 29
10 67
9 37
1 83
5 67
6 23
1 79
1 37
1 69
2 2
8 25
8 85
5 57
3 24
1 49
2 83
9 43
7 85
7 57
3 49
3 78
2 33
1 35
4 77
9 80
8 4
3 52
1 55
6 94
5 0
10 0
9 82
9 60
9 15
1 65
10 20
2 18
1 8
9 95
8 7
2 11
2 17
6 58
4 63
10 37
4 88
6 93
6 56
3 31
9 6
4 14
8 82
5 0
10 66
1 89
7 59
7 29
4 100
3 69
5 74
8 89
9 64
6 32
5 29
1 39
10 49
3 54
3 40
5 49
4 38
6 45
9 82
7 67
9 76
10 96
7 99
10 31
1 45
9 79
2 42
8 99
3 81
4 22
3 33
8 3
2 43
7 7
8 67
5 87
4 70
7 96
5 38
7 60
7 7
10 33
9 42
5 6
7 78
6 22
9 70
9 71
6 11
6 49
6 88
3 72
7 27
3 2
9 89
9 0
10 93
1 57
7 68
2 63
9 92
1 10
1 0
9 38
7 5
10 78
4 26
8 32
7 80
4 34
6 32
5 79
1 79
9 95
1 38
2 82
9 27
1 79
8 15
7 56
10 55
4 80
1 38
8 78
5 17
9 11
1 33
3 21
1 74
4 31
5 48
8 99
3 36
9 39
10 63
5 65
9 29
10 95
7 16
7 4
8 50
2 26
5 93
1 18
1 33
5 28
3 22
1 98
2 39
9 72
10 73
10 17
6 53
7 84
7 84
2 29
1 21
8 49
6 68
1 2
7 98
3 51
7 24
2 28
7 0
1 87
9 76
2 57
1 41
6 62
3 90
5 23
6 21
9 94
2 76
6 2
3 10
10 22
9 52
5 76
3 58
1 14
6 60
8 93
3 41
2 86
4 26
7 20
9 44
6 48
1 6
3 4
10 88
9 36
2 56
3 44
8 91
6 44
2 75
2 11
5 35
3 36
3 22
2 53
1 60
4 90
9 9
7 83
7 29
7 95
7 9
4 20
4 81
2 23
2 61
4 1
5 25
1 7
3 20
1 24
2 20
5 40
5 42
1 5
2 76
7 84
9 27
1 17
9 71
2 72
9 70
1 97
10 100
10 40
7 32
6 46
2 13
1 17
1 61
3 19
2 7
3 43
1 72
4 39
4 26
2 60
7 87
6 41
4 35
5 85
5 52
5 32
5 38
5 0
3 42
9 4
9 84
1 60
3 46
3 97
1 19
2 17
9 67
7 4
5 96
6 31
10 28
1 21
9 77
4 15
8 1
6 70
10 59
7 3
2 40
5 37
6 61
4 80
1 34
4 17
9 21
8 16
7 70
1 71
5 54
9 8
4 21
6 35
3 51
9 15
9 58
7 82
1 89
3 72
8 9
7 72
5 4
8 5
3 19
5 97
7 4
7 79
6 84
4 13
8 32
3 83
4 11
7 22
2 38
6 21
4 18
3 42
1 86
4 10
5 2
9 65
10 32
6 66
5 48
2 24
3 27
1 76
7 45
5 54
9 61
8 85
1 69
8 14
3 79
10 93
4 95
10 2
1 63
10 9
5 6
8 47
1 47
4 59
9 74
1 21
6 53
7 97
8 70
8 40
9 86
10 72
7 32
1 34
5 59
4 5
4 13
1 22
8 14
6 31
6 76
7 86
6 12
6 43
5 24
1 1
3 100
9 73
6 73
10 58
8 83
9 77
8 68
10 67
4 52
1 35
10 66
1 3
9 7
10 15
5 41
7 51
6 10
2 4
4 25
7 91
3 26
5 86
3 1
7 39
9 75
1 58
10 70
7 55
7 7
5 65
3 82
6 29
3 24
5 11
4 96
3 44
10 57
10 7
7 66
6 48
10 37
6 30
5 14
6 26
1 6
2 20
7 4
10 86
8 25
1 93
5 83
10 98
1 60
7 64
6 55
9 55
7 69
8 53
10 40
2 75
6 51
4 25
5 58
1 75
9 65
4 69
7 95
1 82
1 4
3 60
5 43
9 74
5 66
1 23
3 54
1 37
7 3
10 19
4 72
3 40
7 84
9 34
6 87
1 67
1 11
3 61
5 45
2 53
8 9
4 37
6 66
2 53
10 0
6 24
7 26
2 39
3 32
3 86
2 40
6 97
6 29
2 60
10 50
8 8
5 81
6 25
1 51
10 16
3 77
2 93
7 1
5 100
6 89
8 69
3 16
1 15
3 17
9 59
7 85
7 12
6 21
7 98
10 72
8 100
5 46
7 73
3 21
10 65
3 95
5 98
10 66
9 89
7 70
7 13
7 77
7 34
8 40
10 10
5 47
6 58
6 27
3 10
2 27
9 5
1 93
9 73
5 5
10 9
1 24
9 66
10 1
1 38
9 79
5 70
3 15
10 39
6 87
9 89
3 48
7 18
9 19
10 93
4 56
5 51
9 61
4 57
5 15
3 51
5 66
7 21
10 26
1 35
5 2
1 68
2 86
4 9
2 100
7 93
7 33
10 70
3 87
8 12
2 68
7 9
7 74
3 84
5 9
4 42
4 98
5 89
5 37
2 64
10 95
2 73
10 44
8 87
9 58
3 58
10 33
6 43
7 55
9 3
8 83
3 1
9 3
4 80
6 6
5 70
6 52
6 20
8 49
8 64
10 14
9 42
10 29
5 91
6 37
1 62
10 97
1 83
2 14
6 10
8 90
3 55
6 63
6 84
5 95
6 49
3 99
9 89
6 15
5 20
3 95
3 29
3 40
10 39
2 98
6 100
10 67
8 61
8 91
3 95
10 6
6 17
6 82
3 68
4 72
6 28
9 60
9 83
1 56
4 55
2 80
1 13
10 0
3 13
4 30
6 36
3 13
9 56
10 25
6 3
3 53
4 19
6 59
10 30
2 92
4 80
4 26
4 94
2 28
5 45
5 32
1 32
4 26
3 96
2 7
9 38
1 2
6 76
3 87
2 32
4 99
8 61
10 61
6 95
7 85
6 10
4 88
2 80
4 64
2 33
5 31
8 99
9 23
10 7
10 0
5 22
2 22
7 98
6 59
4 83
7 4
10 87
6 81
3 54
8 50
5 16
1 35
4 42
7 42
1 77
7 41
2 3
1 19
2 35
3 2
8 52
2 70
7 95
8 49
8 75
8 92
1 55
4 22
9 17
3 12
1 62
1 16
9 30
3 65
5 6
7 19
10 80
4 55
5 15
1 25
5 8
9 59
1 39
1 78
3 36
6 64
9 9
1 98
1 78
1 9
3 22
4 19
6 49
2 24
9 16
1 76
4 22
7 59
1 28
10 65
1 20
9 38
2 96
4 73
9 58
7 100
5 10
4 86
6 37
5 97
6 48
7 29
9 41
1 58
8 74
3 56
1 62
10 61
5 86
3 0
3 56
10 61
6 83
2 34
2 51
3 39
9 11
9 68
6 54
5 25
3 98
4 77
1 9
10 5
4 77
3 18
5 59
4 48
5 79
7 31
9 68
6 35
3 24
8 100
9 12
6 12
3 38
6 34
1 36
10 36
1 12
5 95
8 13
8 15
2 79
4 11
6 94
7 37
8 37
8 42
10 6
1 45
2 63
5 91
8 68
6 13
9 83
10 78
8 8
8 64
1 54
8 72
2 79
8 90
10 34
3 16
7 62
9 39
7 51
4 9
2 69
6 97
2 72
10 41
1 24
4 9
6 21
3 89
8 83
2 47
3 33
7 3
10 67
4 28
5 22
10 23
8 38
1 21
10 94
3 82
10 70
1 64
3 70
9 82
9 61
10 81
9 13
3 74
2 53
2 3
3 60
2 41
8 43
8 98
9 78
10 73
8 75
8 2
6 51
7 50
4 9
7 21
8 31
6 93
4 52
4 54
1 84
8 64
7 92
6 24
1 84
10 2
7 7
8 59
2 2
8 29
4 80
1 65
2 56
3 94
4 42
10 14
6 9
3 21
1 73
3 12
2 22
7 65
3 39
6 78
3 71
2 31
5 48
2 52
7 33
3 2
7 68
7 68
7 40
10 82
1 60
1 11
5 94
4 51
10 9
6 65
9 72
7 12
1 39
4 36
1 99
9 8
2 44
10 39
10 8
5 47
2 67
9 79
1 71
6 31
7 98
2 28
1 54
9 37
2 87
6 24
8 64
1 90
10 7
3 28
7 63
8 9
7 37
6 45
7 79
5 41
7 37
9 100
3 96
9 4
4 71
10 52
8 43
6 31
2 19
3 25
8 75
3 45
3 59
7 8
8 96
4 0
2 28
1 2
8 47
7 15
3 57
4 39
6 84
2 28
5 72
2 51
1 56
4 10
4 72
3 15
8 16
7 98
10 65
5 26
8 55
4 59
6 15
5 21
6 8
8 49
8 51
10 15
3 34
2 51
5 52
5 67
1 26
8 84
1 18
7 86
8 64
5 51
5 91
3 45
1 20
9 45
5 68
7 56
3 75
4 39
6 91
2 8
6 30
1 29
3 23
2 71
2 79
9 50
7 45
2 53
3 82
1 18
3 63
7 86
9 17
10 82
4 20
1 4
3 24
5 49
3 1
8 16
4 43
8 9
6 7
5 26
7 1
10 80
4 65
1 62
1 35
3 23
2 17
10 38
9 73
7 70
3 45
7 29
3 26
4 96
5 8
6 18
6 70
6 12
10 99
8 53
8 43
10 25
5 94
10 23
8 75
1 100
3 85
2 75
8 99
10 59
6 56
2 59
3 0
5 34
4 81
9 17
2 97
8 21
1 26
6 93
1 4
1 23
8 5
7 38
3 8
8 28
3 79
10 94
9 18
4 79
6 49
5 12
6 73
2 13
6 75
1 73
1 96
6 31
8 39
8 99
4 83
3 0
5 20
4 73
7 4
2 97
6 20
9 41
2 43
8 0
2 81
6 89
6 51
3 26
1 6
2 76
1 65
4 4
10 96
6 77
2 56
9 8
9 9
6 74
7 57
8 39
5 69
3 11
5 48
2 26
10 99
1 18
6 66
3 89
7 18
10 20
2 97
9 66
2 77
4 56
1 58
2 57
1 80
4 10
7 13
3 86
7 6
5 12
9 35
7 39
7 62
3 54
8 9
7 36
7 57
9 22
8 71
7 76
7 77
2 91
7 76
5 73
5 79
3 90
1 93
6 49
1 89
8 48
7 2
5 24
4 3
4 46
1 65
7 26
3 50
3 5
9 53
2 49
2 31
10 13
8 28
5 84
10 43
5 62
8 31
6 8
3 79
6 0
8 93
4 18
10 58
10 32
10 7
7 80
7 0
5 38
2 64
8 48
8 92
8 17
4 18
6 76
4 2
4 4
9 83
6 0
6 23
8 47
7 8
2 42
2 99
7 89
1 57
4 68
6 75
4 41
1 30
10 17
2 16
1 33
1 35
9 17
4 77
4 4
7 46
1 14
6 0
10 27
6 60
3 76
7 69
7 33
4 88
10 60
4 78
10 71
9 34
9 23
9 29
10 53
9 63
5 8
6 18
3 41
10 43
7 13
5 94
4 86
6 4
8 59
6 62
2 40
2 55
6 41
3 17
1 9
7 68
5 63
6 46
8 26
7 6
10 68
5 4
7 9
1 28
10 55
2 70
3 52
1 26
4 43
10 59
1 25
3 63
3 46
2 78
2 10
6 11
4 71
8 30
2 40
7 30
8 10
4 32
10 10
7 25
2 90
2 56
3 96
1 4
7 87
7 73
1 57
8 42
10 34
10 100
1 98
8 79
1 55
7 88
10 18
5 7
6 64
7 10
8 44
9 20
9 37
1 11
7 56
6 88
4 95
10 52
8 28
1 11
6 65
5 68
2 98
3 97
4 37
3 92
9 51
5 33
5 61
4 10
7 61
4 85
8 3
1 53
9 2
2 34
6 34
8 41
8 33
4 47
3 80
1 53
4 95
6 66
7 65
7 67
1 24
2 24
1 36
6 87
4 7
10 51
1 81
7 26
3 42
4 50
6 100
2 58
6 64
4 21
4 12
2 71
1 51
10 29
9 90
5 66
7 93
1 91
2 63
1 74
4 30
7 70
4 4
7 69
3 72
4 61
2 79
7 1
3 81
10 90
9 9
8 54
10 34
6 99
9 12
6 51
5 46
5 60
9 47
7 100
10 36
4 81
3 26
7 91
2 92
6 89
8 54
4 6
3 58
8 77
10 29
5 9
3 96
8 70
6 86
4 5
10 52
10 35
5 13
3 47
3 27
2 63
10 72
1 60
3 99
1 38
7 86
9 23
4 3
3 65
1 78
2 34
9 13
5 56
7 86
4 96
10 19
7 28
4 30
6 56
9 33
3 79
4 20
8 73
1 5
10 84
10 33
1 18
7 51
8 86
9 19
10 64
7 87
1 83
10 91
4 16
5 94
6 9
8 52
2 9
6 49
9 8
9 35
3 78
4 36
7 16
6 58
3 33
6 13
8 96
3 21
6 35
10 62
7 59
2 76
4 37
4 99
4 7
8 12
1 6
5 39
3 5
2 25
9 94
2 46
9 17
1 0
6 99
9 47
9 6
2 47
4 63
3 0
1 5
8 39
2 16
2 92
5 83
6 82
4 47
10 15
6 96
9 59
3 80
10 21
6 81
7 20
1 54
5 86
10 73
8 98
3 0
8 60
3 16
1 0
7 17
5 80
8 60
6 82
2 32
6 70
6 58
3 14
10 41
8 33
6 2
4 12
7 96
7 0
4 38
4 19
3 16
10 67
6 30
8 7
7 57
3 52
10 16
5 81
3 64
7 51
9 100
7 41
9 57
2 78
6 81
3 69
2 2
9 8
8 99
7 24
1 76
10 45
5 55
9 37
2 55
8 8
2 9
1 95
3 91
4 86
9 35
5 42
7 76
1 87
3 58
6 79
5 4
8 67
2 3
5 49
8 5
2 89
7 37
2 36
4 11
8 33
8 70
4 50
1 2
6 76
3 82
7 1
1 4
6 72
1 91
5 7
2 76
9 96
10 6
10 40
4 10
8 19
9 41
6 6
9 85
6 92
2 7
10 99
4 57
1 58
1 42
4 97
2 98
2 41
3 53
