50
4 6 4
1 4 2 1
100 10 1
1
5 5 10
2 4 2 3 4 2 1 2 1 3
1 1 1
1
100 2 2
1 2
1000 100 10
4 3 9 1 2 5 6 9 1 10
1 10 10
4 3 4 1 2 5 6 9 1 10
1 10 9
1 1 1 1 1 1 1 1 1
1000 10 9
1 1 1 1 1 1 1 1 1
934 9 10
8 8 8 8 8 8 8 8 8 8
734 3 10
1 2 3 3 2 1 1 2 3 1
345 19 10
10 10 10 10 10 10 10 10 10 10
765 10 10
10 1 10 1 10 1 10 1 10 1
1000 100 10
10 10 10 10 10 10 10 10 10 10
734 20 10
1 2 3 4 5 6 7 8 9 10
631 16 10
10 9 8 7 6 5 4 3 2 1
2 7 9
2 7 7 4 7 1 4 5 2
4 13 9
6 10 5 3 7 10 1 7 6
3 10 5
10 7 6 4 4
2 9 8
7 5 3 7 9 6 3 4
574 10 9
2 7 3 5 3 4 7 9 1
909 8 10
5 3 2 1 4 8 3 2 6 7
713 11 10
6 4 3 1 2 1 2 8 5 8
280 14 10
1 10 5 7 10 6 9 5 10 8
6 27 9
5 4 1 1 5 6 6 10 6
6 29 10
5 7 7 7 6 3 7 8 7 3
6 21 9
3 1 2 4 9 7 8 4 7
9 20 10
7 10 2 6 1 1 10 7 7 8
12 18 8
9 7 8 7 8 7 9 9
114 24 10
7 8 7 8 7 7 8 5 8 9
35 24 9
6 5 8 8 9 6 9 5 8
19 44 10
6 5 5 5 9 9 7 7 6 7
446 56 8
7 9 7 9 8 7 6 6
55 16 9
8 7 8 9 6 7 5 5 8
440 75 10
9 5 7 7 9 8 5 7 7 5
765 24 8
9 7 8 6 8 6 9 8
526 85 10
5 5 9 5 7 7 5 6 9 7
612 11 7
8 8 7 8 5 6 6
217 24 9
7 8 7 8 6 8 9 8 9
492 33 9
9 6 6 7 7 8 5 8 8
985 89 7
7 5 5 5 6 5 5
834 56 7
6 7 8 7 7 7 6
115 59 5
8 5 9 5 5
701 44 5
9 8 7 8 8
780 85 9
9 6 9 5 8 8 9 6 5
42 56 8
7 9 8 5 6 8 8 6
779 79 7
9 7 6 7 5 6 6
321 23 7
9 7 8 7 8 6 5
875 68 8
7 8 9 9 6 7 7 7
908 42 6
6 5 8 5 5 6
